750116873
5439083977
1117394353
5747235538
5365596797
2064013427
769723764
769723764
769723764
2004099512
769723764
769723764
769723764
5044737681
1375488726
1375488726
1375488726
769723764
1375488726
1375488726
1375488726
1375488726
1375488726
1375488726
1255063883
5220995167
990085016
830950027
830950027
830950027
769723764
769723764
1327225457
1499101506
1499101506
838361830
769723764
1297828140
1297828140
1297828140
1297828140
1297828140
186163492
769723764
769723764
1156612576
769723764
769723764
769723764
5543980603
769723764
1414300592
5745284058
1557135685
1557135685
1557135685
1557135685
1557135685
1557135685
1557135685
902178284
902178284
902178284
902178284
902178284
5486248863
5486248863
5486248863
5486248863
5486248863
5486248863
5486248863
5486248863
5486248863
769723764
5486248863
5486248863
5486248863
5486248863
5486248863
695075139
902178284
902178284
902178284
1946657427
1946657427
1946657427
1946657427
1946657427
1946657427
1946657427
1946657427
1557135685
1123853100
902178284
1398593746
1398593746
1036843233
769723764
769723764
769723764
1917067011
1917067011
5266400544
162681110
5610053085
5325525909
2041835997
2041835997
1899091815
1899091815
1899091815
1899091815
1899091815
1899091815
1899091815
78933800
78933800
1135399729
2087073753
769723764
769723764
1375488726
1363978203
1422037487
1583166035
1489176434
1489176434
1489176434
1489176434
1489176434
1489176434
5761792743
961037755
1381383530
1381383530
1437759996
1437759996
1130121943
1583166035
1583166035
902178284
902178284
1728401927
1784824764
588677623
5318191929
769723764
769723764
769723764
769723764
1369575550
5397949481
5397949481
5397949481
5397949481
769723764
1357156535
5393571883
5610053085
5610053085
5610053085
581147678
429380607
429380607
769723764
769723764
769723764
769723764
769723764
1296669654
1699681961
825157953
476583386
460772946
5554582567
769723764
769723764
769723764
769723764
769723764
1450079920
5781266454
5868957400
769723764
1007851073
1145463183
5772423726
1489176434
1489176434
1489176434
2144933226
1489176434
1489176434
1489176434
1489176434
1489176434
1489176434
1489176434
1489176434
1489176434
5477591664
769723764
1279537527
1279537527
1279537527
1279537527
1279537527
1279537527
1279537527
1279537527
1279537527
1580463549
1279537527
1056374117
1056374117
5806767302
5806767302
5806767302
5806767302
5340420557
5340420557
5806767302
5806767302
5806767302
85811495
85811495
5042635882
5042635882
5042635882
1279537527
737050632
737050632
769723764
1279537527
1279537527
1279537527
1279537527
5848538600
5834603974
5834603974
646828465
1902017635
5834603974
5834603974
5834603974
1484687840
1484687840
5158100010
5834603974
5834603974
5834603974
5834603974
5834603974
5834603974
5834603974
5834603974
107482449
1138515092
1138515092
1138515092
5834603974
5834603974
5834603974
5834603974
5834603974
5834603974
5834603974
5834603974
5834603974
5834603974
5834603974
5834603974
5834603974
5834603974
5834603974
5834603974
5834603974
5834603974
769723764
769723764
5834603974
5834603974
5834603974
5834603974
5834603974
5834603974
5834603974
5834603974
5834603974
5834603974
5834603974
5834603974
5834603974
5834603974
5834603974
5834603974
5834603974
5834603974
5834603974
5834603974
5834603974
5834603974
5834603974
5834603974
5834603974
5834603974
5834603974
5834603974
5834603974
5834603974
5834603974
5834603974
5834603974
5834603974
5834603974
5834603974
5834603974
5834603974
5834603974
5834603974
5834603974
5834603974
1299407895
769723764
5834603974
5834603974
5834603974
5834603974
5834603974
5834603974
5834603974
5834603974
5834603974
5834603974
5834603974
5834603974
5834603974
5834603974
5834603974
5834603974
5834603974
5712854200
5834603974
5834603974
5834603974
5834603974
5834603974
1111238588
1111238588
1111238588
1111238588
1111238588
604184545
5834603974
5834603974
5834603974
5834603974
5834603974
5834603974
5834603974
5834603974
5834603974
5834603974
5834603974
5834603974
5834603974
5834603974
1196442438
1196442438
1196442438
1196442438
1196442438
1196442438
1196442438
1196442438
5834603974
5834603974
5834603974
5834603974
5834603974
5834603974
1145463183
2103513309
5749324381
186716228
186716228
186716228
212739980
2049491628
186716228
1372543324
2065081840
2065081840
1713606143
186716228
1789010105
546360437
546360437
186716228
186716228
186716228
5070739985
1103907413
1972656856
1091336507
769723764
769723764
769723764
769723764
1529686340
186716228
186716228
186716228
1843635966
1843635966
1843635966
2004099512
2004099512
2004099512
2004099512
2004099512
2004099512
2004099512
2004099512
2004099512
2004099512
2004099512
2004099512
2004099512
2004099512
2004099512
2004099512
2004099512
2004099512
769723764
769723764
769723764
769723764
2004099512
2004099512
2004099512
2004099512
2004099512
2004099512
2004099512
490983184
1122332592
2004099512
2004099512
5506891559
5506891559
2004099512
2004099512
887836098
2004099512
1489635504
5508877747
5508877747
2004099512
2004099512
2004099512
2004099512
2004099512
5905360125
5905360125
5905360125
5905360125
5905360125
2004099512
2004099512
104243520
2004099512
2004099512
2004099512
2004099512
2004099512
2004099512
2004099512
2004099512
2004099512
2004099512
2004099512
2004099512
2004099512
2004099512
2004099512
2004099512
2004099512
2004099512
2004099512
2004099512
2004099512
1811891446
2004099512
2004099512
2004099512
2004099512
2004099512
2004099512
2004099512
2004099512
2004099512
2004099512
2004099512
2004099512
2004099512
2004099512
2004099512
2004099512
2004099512
2004099512
2004099512
2004099512
2004099512
2004099512
2004099512
2004099512
2004099512
2004099512
2004099512
2004099512
2004099512
2004099512
2004099512
2004099512
2004099512
2004099512
2004099512
2004099512
104243520
1293340584
1293340584
1293340584
1293340584
5029899312
5029899312
5029899312
5029899312
5029899312
905705052
1753245118
5829711278
902178284
1713272213
5005616028
5005616028
1362103108
1805232437
5360408602
5360408602
769723764
5360408602
1787123092
1787123092
1787123092
1787123092
1787123092
1787123092
1787123092
1787123092
1787123092
1787123092
1787123092
1787123092
1787123092
2004099512
1393501771
769723764
1666155469
5677685916
2004099512
2004099512
2004099512
2004099512
2004099512
5156637635
5156637635
5156637635
5156637635
5156637635
5156637635
2004099512
2004099512
769723764
769723764
2004099512
2004099512
2004099512
2004099512
2004099512
2004099512
1784824764
1784824764
1784824764
2004099512
769723764
769723764
769723764
2004099512
2004099512
2004099512
1787123092
1787123092
303088152
303088152
303088152
769723764
769723764
2004099512
769723764
81037149
273634044
273634044
725373594
5393464211
1900642679
1987684128
2004099512
2004099512
2004099512
2004099512
5302932981
5302932981
5360408602
2004099512
2004099512
2004099512
5538478146
5538478146
2004099512
1787123092
2004099512
2004099512
2004099512
2004099512
2004099512
2004099512
2004099512
2004099512
2004099512
2004099512
2004099512
2004099512
1488628327
769723764
2004099512
2004099512
2004099512
2004099512
769723764
769723764
769723764
2004099512
2004099512
2004099512
2004099512
2004099512
2004099512
2004099512
2004099512
769723764
2004099512
2004099512
1787123092
2004099512
2004099512
2004099512
2004099512
2004099512
2004099512
2004099512
2004099512
2004099512
2004099512
2004099512
2004099512
769723764
2004099512
2004099512
769723764
769723764
769723764
769723764
1850253243
1850253243
1850253243
6010263399
6010263399
120247816
120247816
5610053085
769723764
5856595711
1913851990
1913851990
5377313920
1616898626
95524464
1787123092
1787123092
1787123092
769723764
769723764
769723764
769723764
769723764
769723764
769723764
769723764
769723764
769723764
769723764
769723764
769723764
769723764
769723764
769723764
769723764
