750116873
5439083977
1117394353
5747235538
5365596797
2064013427
769723764
769723764
769723764
2004099512
769723764
769723764
769723764
5044737681
1375488726
1375488726
1375488726
769723764
1375488726
1375488726
1375488726
1375488726
1375488726
1375488726
1255063883
5220995167
990085016
830950027
830950027
830950027
769723764
769723764
1327225457
1499101506
1499101506
838361830
769723764
1297828140
1297828140
1297828140
1297828140
1297828140
186163492
769723764
769723764
1156612576
769723764
769723764
769723764
5543980603
769723764
1414300592
5745284058
1557135685
1557135685
1557135685
1557135685
1557135685
1557135685
1557135685
902178284
902178284
902178284
902178284
902178284
5486248863
5486248863
5486248863
5486248863
5486248863
5486248863
5486248863
5486248863
5486248863
769723764
5486248863
5486248863
5486248863
5486248863
5486248863
695075139
902178284
902178284
902178284
1946657427
1946657427
1946657427
1946657427
1946657427
1946657427
1946657427
1946657427
1557135685
1123853100
902178284
1398593746
1398593746
1036843233
769723764
769723764
769723764
1917067011
1917067011
5266400544
162681110
5610053085
5325525909
2041835997
2041835997
1899091815
1899091815
1899091815
1899091815
1899091815
1899091815
1899091815
78933800
78933800
1135399729
2087073753
769723764
769723764
1375488726
1363978203
1422037487
1583166035
1489176434
1489176434
1489176434
1489176434
1489176434
1489176434
5761792743
961037755
1381383530
1381383530
1437759996
1437759996
1130121943
1583166035
1583166035
902178284
902178284
1728401927
1784824764
588677623
5318191929
769723764
769723764
769723764
769723764
1369575550
5397949481
5397949481
5397949481
5397949481
769723764
1357156535
5393571883
5610053085
5610053085
5610053085
581147678
429380607
429380607
769723764
769723764
769723764
769723764
769723764
1296669654
1699681961
825157953
476583386
460772946
5554582567
769723764
769723764
769723764
769723764
769723764
1450079920
5781266454
5868957400
769723764
1007851073
1145463183
5772423726
1489176434
1489176434
1489176434
2144933226
1489176434
1489176434
1489176434
1489176434
1489176434
1489176434
1489176434
1489176434
1489176434
5477591664
769723764
1279537527
1279537527
1279537527
1279537527
1279537527
1279537527
1279537527
1279537527
1279537527
1580463549
1279537527
1056374117
1056374117
5806767302
5806767302
5806767302
5806767302
5340420557
5340420557
5806767302
5806767302
5806767302
85811495
85811495
5042635882
5042635882
5042635882
1279537527
737050632
737050632
769723764
1279537527
1279537527
1279537527
1279537527
5848538600
5834603974
5834603974
646828465
1902017635
5834603974
5834603974
5834603974
1484687840
1484687840
5158100010
5834603974
5834603974
5834603974
5834603974
5834603974
5834603974
5834603974
5834603974
107482449
1138515092
1138515092
1138515092
5834603974
5834603974
5834603974
5834603974
5834603974
5834603974
5834603974
5834603974
5834603974
5834603974
5834603974
5834603974
5834603974
5834603974
5834603974
5834603974
5834603974
5834603974
769723764
769723764
5834603974
5834603974
5834603974
5834603974
5834603974
5834603974
5834603974
5834603974
5834603974
5834603974
5834603974
5834603974
5834603974
5834603974
5834603974
5834603974
5834603974
5834603974
5834603974
5834603974
5834603974
5834603974
5834603974
5834603974
5834603974
5834603974
5834603974
5834603974
5834603974
5834603974
5834603974
5834603974
5834603974
5834603974
5834603974
5834603974
5834603974
5834603974
5834603974
5834603974
5834603974
5834603974
1299407895
769723764
5834603974
5834603974
5834603974
5834603974
5834603974
5834603974
5834603974
5834603974
5834603974
5834603974
5834603974
5834603974
5834603974
5834603974
5834603974
5834603974
5834603974
5712854200
5834603974
5834603974
5834603974
5834603974
5834603974
1111238588
1111238588
1111238588
1111238588
1111238588
604184545
5834603974
5834603974
5834603974
5834603974
5834603974
5834603974
5834603974
5834603974
5834603974
5834603974
5834603974
5834603974
5834603974
5834603974
1196442438
1196442438
1196442438
1196442438
1196442438
1196442438
1196442438
1196442438
5834603974
5834603974
5834603974
5834603974
5834603974
5834603974
1145463183
2103513309
5749324381
186716228
186716228
186716228
212739980
2049491628
186716228
1372543324
2065081840
2065081840
1713606143
186716228
1789010105
546360437
546360437
186716228
186716228
186716228
5070739985
1103907413
1972656856
1091336507
769723764
769723764
769723764
769723764
1529686340
186716228
186716228
186716228
1843635966
1843635966
1843635966
2004099512
2004099512
2004099512
2004099512
2004099512
2004099512
2004099512
2004099512
2004099512
2004099512
2004099512
2004099512
2004099512
2004099512
2004099512
2004099512
2004099512
2004099512
769723764
769723764
769723764
769723764
2004099512
2004099512
2004099512
2004099512
2004099512
2004099512
2004099512
490983184
1122332592
2004099512
2004099512
5506891559
5506891559
2004099512
2004099512
887836098
2004099512
1489635504
5508877747
5508877747
2004099512
2004099512
2004099512
2004099512
2004099512
5905360125
5905360125
5905360125
5905360125
5905360125
2004099512
2004099512
104243520
2004099512
2004099512
2004099512
2004099512
2004099512
2004099512
2004099512
2004099512
2004099512
2004099512
2004099512
2004099512
2004099512
2004099512
2004099512
2004099512
2004099512
2004099512
2004099512
2004099512
2004099512
1811891446
2004099512
2004099512
2004099512
2004099512
2004099512
2004099512
2004099512
2004099512
2004099512
2004099512
2004099512
2004099512
2004099512
2004099512
2004099512
2004099512
2004099512
2004099512
2004099512
2004099512
2004099512
2004099512
2004099512
2004099512
2004099512
2004099512
2004099512
2004099512
2004099512
2004099512
2004099512
2004099512
2004099512
2004099512
2004099512
2004099512
104243520
1293340584
1293340584
1293340584
1293340584
5029899312
5029899312
5029899312
5029899312
5029899312
905705052
1753245118
5829711278
902178284
1713272213
5005616028
5005616028
1362103108
1805232437
5360408602
5360408602
769723764
5360408602
1787123092
1787123092
1787123092
1787123092
1787123092
1787123092
1787123092
1787123092
1787123092
1787123092
1787123092
1787123092
1787123092
2004099512
1393501771
769723764
1666155469
5677685916
2004099512
2004099512
2004099512
2004099512
2004099512
5156637635
5156637635
5156637635
5156637635
5156637635
5156637635
2004099512
2004099512
769723764
769723764
2004099512
2004099512
2004099512
2004099512
2004099512
2004099512
1784824764
1784824764
1784824764
2004099512
769723764
769723764
769723764
2004099512
2004099512
2004099512
1787123092
1787123092
303088152
303088152
303088152
769723764
769723764
2004099512
769723764
81037149
273634044
273634044
725373594
5393464211
1900642679
1987684128
2004099512
2004099512
2004099512
2004099512
5302932981
5302932981
5360408602
2004099512
2004099512
2004099512
5538478146
5538478146
2004099512
1787123092
2004099512
2004099512
2004099512
2004099512
2004099512
2004099512
2004099512
2004099512
2004099512
2004099512
2004099512
2004099512
1488628327
769723764
2004099512
2004099512
2004099512
2004099512
769723764
769723764
769723764
2004099512
2004099512
2004099512
2004099512
2004099512
2004099512
2004099512
2004099512
769723764
2004099512
2004099512
1787123092
2004099512
2004099512
2004099512
2004099512
2004099512
2004099512
2004099512
2004099512
2004099512
2004099512
2004099512
2004099512
769723764
2004099512
2004099512
769723764
769723764
769723764
769723764
1850253243
1850253243
1850253243
6010263399
6010263399
120247816
120247816
5610053085
769723764
5856595711
1913851990
1913851990
5377313920
1616898626
95524464
1787123092
1787123092
1787123092
769723764
769723764
769723764
769723764
769723764
769723764
769723764
769723764
769723764
769723764
769723764
769723764
769723764
769723764
769723764
769723764
769723764
769723764
769723764
769723764
769723764
5932163028
5787231548
95524464
1918502495
1918502495
769723764
248466190
248466190
896261373
769723764
5393464211
769723764
769723764
545722422
925146831
1805369450
1805369450
931462701
769723764
769723764
769723764
769723764
957558649
2076466455
2076466455
769723764
769723764
902178284
902178284
902178284
902178284
902178284
1805369450
769723764
892178195
892178195
98681478
186163492
186163492
2065081840
1340932453
1340932453
769723764
769723764
5294530882
5294530882
769723764
769723764
1005639862
1005639862
5618233580
766513234
769723764
-914492305
5538478146
769723764
769723764
769723764
769723764
769723764
769723764
769723764
769723764
769723764
769723764
79863004
79863004
982278381
902178284
769723764
769723764
769723764
1084539815
5812865501
5812865501
769723764
769723764
5360408602
5360408602
769723764
902178284
902178284
769723764
769723764
5360408602
5360408602
902178284
2017291715
769723764
769723764
769723764
5133355658
6192461674
6192461674
1893940694
5571247792
646828465
646828465
902178284
769723764
769723764
769723764
769723764
769723764
5873592101
1390472910
769723764
769723764
769723764
769723764
769723764
769723764
769723764
769723764
339831693
769723764
807581494
1987684128
769723764
769723764
769723764
5972644121
5393464211
769723764
769723764
769723764
769723764
769723764
769723764
769723764
5972644121
1773053278
769723764
1004987049
1004987049
769723764
769723764
769723764
830931977
6232443496
5290242872
1538533387
1538533387
1538533387
1538533387
1538533387
1538533387
1538533387
769723764
769723764
769723764
769723764
769723764
769723764
769723764
769723764
769723764
769723764
769723764
769723764
769723764
769723764
769723764
769723764
5290242872
1933564968
769723764
769723764
769723764
769723764
1538533387
1538533387
1538533387
1538533387
1538533387
1538533387
1538533387
1538533387
1538533387
1538533387
1538533387
1538533387
1538533387
1538533387
1538533387
1538533387
53045939
53045939
53045939
1239466284
1239466284
769723764
6253785948
6253785948
6253785948
6253785948
769723764
757546719
910483539
910483539
910483539
1538533387
1987684128
1987684128
2011897486
2011897486
2011897486
2011897486
5197572889
1987684128
2011897486
1601531810
1601531810
769723764
769723764
5716402102
5716402102
1737020648
1737020648
1227967560
532904734
769723764
2004805966
2011897486
1968214244
1968214244
26977506
1968214244
769723764
1754086778
1754086778
1754086778
642498299
6231681568
769723764
769723764
769723764
769723764
769723764
769723764
642498299
769723764
769723764
769723764
769723764
1910214959
1910214959
1910214959
1910214959
769723764
5083755589
6122781806
1489176434
730095459
730095459
769723764
5873592101
1197091789
902178284
902178284
902178284
769723764
1538533387
1538533387
5012137338
5012137338
1381383530
769723764
769723764
769723764
769723764
769723764
769723764
769723764
769723764
769723764
769723764
769723764
769723764
769723764
769723764
291832661
186163492
186163492
769723764
769723764
